Shape of X :  (21613, 4)
Shape of y_target :  (21613,)
Shape of X_train :  (17290, 4)
Shape of X_test :  (4323, 4)
Shape of y_train :  (17290,)
Shape of y_test :  (4323,)
Shape of X_train_qa :  (17290, 8)
Shape of X_test_qa :  (4323, 8)
Shape of X_train_cu :  (17290, 12)
Shape of X_test_cu :  (4323, 12)
Linear with 0.050000 lr:  [ 533343.83233083   15704.72684696   10273.9276614    16360.32829634
  176366.00921185]
Quadratic with 0.050000 lr:  [ 533343.83233083   19487.45067816   81738.790259     28922.47153083
 -156226.29887069   -9293.46034034  -62638.96737521  -10575.91475782
  337718.26119724]
Cubic with 0.050000 lr:  [ 533343.83233083   34940.72734417  137030.21708477   89393.03390017
 -169447.78154248  -56540.3490019  -170145.76334447 -123705.42923143
  352088.8222581    37461.2679994    54202.3844379    76212.05986554
   -1280.33871879]
Linear with 0.025000 lr:  [ 533343.83233082   15704.74733153   10274.04880317   16360.45539186
  176365.80465205]
Quadratic with 0.025000 lr:  [ 533343.83233083   19487.51164161   81733.11052267   28922.63326721
 -156226.05247832   -9293.50330237  -62633.34735009  -10575.98149284
  337718.06906357]
Cubic with 0.025000 lr:  [ 533343.83233083   34950.61354813   90467.53009127   86913.93786051
 -157733.83477618  -56486.68911321  -85560.0451302  -119131.29986805
  330765.81005495   37433.23894988   15136.96531162   73202.20830609
    9032.97959276]
Linear with 0.012500 lr:  [ 533343.83233082   15704.77467019   10274.21047876   16360.62501326
  176365.53164695]
Quadratic with 0.012500 lr:  [ 533343.83233082   19489.94558897   81506.34905278   28929.09042325
 -156216.21430089   -9295.21854531  -62408.96988593  -10578.64579409
  337710.39720826]
Cubic with 0.012500 lr:  [ 533343.83233082   35097.98448108   66026.60620766   77596.28308944
 -123543.40027629  -56764.67061009  -40080.19926916 -102511.08229279
  270403.37074525   37677.54074615   -6295.68081492   62345.82947081
   37814.97655505]
Linear with 0.006250 lr:  [ 533343.83233079   15704.81312297   10274.43788109   16360.86359161
  176365.14765583]
Quadratic with 0.006250 lr:  [ 533343.83233082   19535.29123897   77285.7438222    29047.54220439
 -156016.89066991   -9327.1261712   -58233.61240005  -10627.14116629
  337552.3631977 ]
Cubic with 0.006250 lr:  [ 533343.83233082   35138.81389131   53814.30195484   61681.3497259
  -81386.45852702  -56707.00044849  -16199.26049294  -74024.04871653
  197014.47183874   37675.14190344  -18043.70527387   43710.20880257
   72326.66554481]
Linear with 0.003125 lr:  [ 533343.83233073   15704.86709407   10274.75705591   16361.19845263
  176364.60869798]
Quadratic with 0.003125 lr:  [ 533343.83233082   19696.75360494   62743.74511977   29248.67190397
 -153393.09756726   -9434.98526618  -43952.11423457  -10663.50171153
  335186.60796483]
Cubic with 0.003125 lr:  [ 533343.83233082   33395.46072692   47889.72173052   45179.56455994
  -48169.83512749  -51784.79149173   -3875.76916716  -44309.75864625
  140039.2192581    34044.85026959  -24493.63904602   24232.88508363
   98720.69748479]
Linear with 0.001563 lr:  [ 533343.83233057   15704.94314519   10275.20680779   16361.67030784
  176363.84924818]
Quadratic with 0.001563 lr:  [ 533343.83233081   19966.88749476   42686.1316543    27646.93099137
 -132188.08663561   -9564.88180844  -25203.45794524   -9526.87429596
  315388.58731926]
Cubic with 0.001563 lr:  [ 533343.83233081   28878.14765422   43878.33807627   32864.42149033
  -27139.75886661  -39284.36566585    2268.77090069  -21899.79700464
  104775.92862357   24761.58201021  -26813.37528234    9495.11901581
  114786.35356893]
Linear with 0.000781 lr:  [ 533343.83233014   15705.05115736   10275.84557144   16362.34046345
  176362.77063403]
Quadratic with 0.000781 lr:  [ 533343.83233079   20276.95411205   26014.05409151   22588.209745
  -79304.36842965   -9625.1021572   -11522.51356134   -6237.77128724
  265771.65800415]
Cubic with 0.000781 lr:  [  5.33343832e+05   2.37358118e+04   3.65912212e+04   2.52964717e+04
  -1.41867438e+04  -2.49568172e+04   4.89949621e+03  -7.88460712e+03
   8.53440297e+04   1.40755295e+04  -2.26502997e+04   2.39547195e+02
   1.22756155e+05]
Linear with 0.000391 lr:  [ 533343.74553397   15732.8453924    10440.23711334   16534.78117363
  176085.20462482]
Quadratic with 0.000391 lr:  [ 533343.74553412   20254.00415295   15390.22287256   17061.89966382
  -17320.8368162    -9331.09782124   -4323.30862035   -2863.22551017
  207394.71801235]
Cubic with 0.000391 lr:  [  5.33343746e+05   1.97678534e+04   2.61382846e+04   2.04363274e+04
  -1.70588944e+03  -1.39697321e+04   5.43748681e+03  -3.62670046e+02
   7.57275655e+04   5.90916752e+03  -1.41448686e+04  -4.37020478e+03
   1.21971632e+05]
Linear with 0.000195 lr:  [ 533128.34683047   16206.76711568   13274.07483011   19492.92518865
  171313.0208711 ]
Quadratic with 0.000195 lr:  [ 533128.34600607   19008.24873944    9518.25487824   14842.83237856
   30607.62233899   -7855.63401641    -977.74278068   -2004.04728327
  161649.61185857]
Cubic with 0.000195 lr:  [ 533128.3467759    17059.40110975   16936.33632834   16615.65620075
   15448.0383066    -7118.06716114    4875.28596845    2734.0175784
   71858.71225475    1033.23257639   -7041.2837401    -5593.21206705
  111674.88715578]
Linear with 0.000098 lr:  [ 522619.27515004   17638.33801275   23092.46992076   29472.71104913
  154887.16267232]
Quadratic with 0.000098 lr:  [ 522619.27250299   16762.53789202    7646.15110867   16343.04590334
   58798.23562143   -5114.50545307    1717.68396594   -1839.32310437
  130812.28869441]
Cubic with 0.000098 lr:  [ 522619.28138915   14910.52035222   11044.69349135   15515.98679028
   32753.20089792   -3184.65695733    4166.57021731    3702.72680355
   70288.10985879   -1158.26466405   -2966.87760337   -6510.16392416
   97544.32849442]
Linear with 0.000049 lr:  [ 457706.68007206   18305.76976109   35442.37648757   41212.65253033
  129958.03868155]
Quadratic with 0.000049 lr:  [ 457706.84037443   14569.74152943   11370.67441742   20966.40413481
   67998.73432334   -1606.58155828    7764.80406561    2746.43814906
  106214.15006213]
Cubic with 0.000049 lr:  [  4.57706699e+05   1.28419074e+04   9.06136711e+03   1.78860624e+04
   4.41580602e+04  -7.52007162e+02   4.92586163e+03   5.05511364e+03
   6.76398654e+04  -1.37435028e+03   3.02834805e+02  -7.34756131e+03
   8.36231183e+04]
Linear with 0.000024 lr:  [ 332489.87457204   15848.32953739   38486.07453613   42784.26645351
   99003.97033696]
Quadratic with 0.000024 lr:  [ 332489.23337397   12296.8476269    17979.59027566   25309.44660313
   63435.56788359    1291.17587279   15664.87875383    9894.25112225
   83022.14757059]
Cubic with 0.000024 lr:  [ 332489.48467125   10734.91610072   11639.41791242   20852.39601283
   46746.4720033     1032.08490649    9045.90693985    8337.70598071
   60720.00571155    -398.3886872     5789.01905903   -4928.59959811
   68769.01836748]
Linear with 0.000012 lr:  [ 206042.30388582   11163.81546697   30364.73748705   33089.40754088
   65841.08547376]
Quadratic with 0.000012 lr:  [ 206042.88834504    9282.5762498    19711.43909486   23929.58680507
   49951.41272607    2335.21554276   18234.29214214   12703.55542478
   59681.14515824]
Cubic with 0.000012 lr:  [ 206043.87538482    8293.56887669   14483.02913038   20501.48024226
   40917.44832821    1904.04459285   12892.45236846   10556.14423627
   48776.74151124     522.4313254    10577.8440597    -1155.95072611
   52083.69672785]
Linear with 0.000006 lr:  [ 115534.30566605    6759.53610433   19420.89383197   20973.62689745
   38891.4589449 ]
Quadratic with 0.000006 lr:  [ 115534.65245066    6054.983535     15449.9011534    17544.76184186
   33308.79257271    1992.1612945    14563.36067786   10406.72886822
   38073.25244144]
Cubic with 0.000006 lr:  [ 115535.73884547    5626.12256725   12973.97110941   15931.07111628
   29644.61532133    1766.4688122    12057.29558288    9269.64594101
   33854.99583752     756.62641709   10540.22429527     781.32323886
   34941.18466896]
Linear with 0.000003 lr:  [ 61289.13376129   3738.12091095  11034.33365968  11864.96529327
  21275.77046401]
Quadratic with 0.000003 lr:  [ 61288.74924751   3522.22623296   9811.11206004  10806.95148215
  19599.16879437   1291.70719375   9314.87774712   6713.9481776
  21936.70873733]
Cubic with 0.000003 lr:  [ 61288.35494624   3377.61767346   8950.52803942  10243.9323241
  18401.90336885   1210.98924602   8444.95916511   6301.56283957
  20587.67060691    588.96239607   7546.06407081   1038.68916817
  20875.57996492]
Linear with 0.000002 lr:  [ 31580.24771061   1968.69802757   5888.60654573   6319.21497863
  11146.45609217]
Quadratic with 0.000002 lr:  [ 31578.57607208   1908.01304613   5546.71653202   6023.44568924
  10686.69541613    734.00276689   5285.79329606   3821.96481357
  11840.04241929]
Cubic with 0.000002 lr:  [ 31579.09800366   1866.57208427   5292.43319675   5857.57444494
  10339.32214677    709.28314959   5028.33955658   3698.07790386
  11454.1848432     363.6063556    4533.33720079    743.8406149
  11514.63389884]
Linear with 0.000001 lr:  [ 16030.64089686   1011.52288667   3042.6951808    3261.13736756
   5705.66316803]
Quadratic with 0.000001 lr:  [ 16031.75672642    993.9155204    2952.14286564   3183.92379794
   5584.85124678    392.41771996   2815.51172929   2039.95680723
   6159.57267304]
Cubic with 0.000001 lr:  [ 16029.64456965    983.7570844    2884.29213255   3138.82156253
   5492.31647049    384.72395844   2747.33284076   2007.92401945
   6056.66816489    201.51225503   2486.90326125    436.9014136
   6063.51419756]
Linear with 0.000000 lr:  [ 8075.73651284   511.17515146  1545.90396298  1656.15821567  2887.92695104]
Quadratic with 0.000000 lr:  [ 8077.45990169   507.56154838  1524.00592535  1638.54477297  2858.21574286
   202.88469238  1453.64555819  1053.08468409  3142.25566378]
Cubic with 0.000000 lr:  [ 8076.05728149   504.78711943  1505.19088422  1624.87265572  2832.16649772
   202.37493957  1435.45067105  1043.97566392  3115.97406295   105.05173106
  1303.39801556   235.7365542   3110.66952051]
Linear with 0.000000 lr:  [ 4053.17367746   257.86590704   778.22462803   834.16513202  1452.38246605]
Quadratic with 0.000000 lr:  [ 4055.16936413   254.63751951   774.9954628    829.54639478  1445.69886408
   102.78120773   739.53583524   536.17076198  1585.97234505]
Cubic with 0.000000 lr:  [ 4053.52725246   254.94388636   767.68860395   827.80688423  1439.09059461
   101.57349294   735.45720668   533.98113762  1579.00696428    54.30720298
   667.76867168   121.69472113  1576.19129389]
Linear with 0.000000 lr:  [ 2031.03143363   130.0184235    391.74094143   420.05908968   729.03516098]
Quadratic with 0.000000 lr:  [ 2029.90315844   129.21069045   389.97285277   420.21776591   727.91533849
    51.45129575   372.98664568   270.14143942   797.10466948]
Cubic with 0.000000 lr:  [ 2030.41169279   128.43402601   389.35548368   419.83525048   724.50491139
    51.60014453   371.28922022   270.34582349   798.13247696    28.20077894
   337.6433782     63.70596459   793.03827638]
Linear with 0.000000 lr:  [ 1016.25843993    65.6621027    196.81823174   209.85172434   364.89537785]
Quadratic with 0.000000 lr:  [ 1015.83355826    64.52580508   196.74633257   209.72867746   366.64550009
    25.1859764    187.51095714   134.39827084   400.72758567]
Cubic with 0.000000 lr:  [ 1015.41357452    66.48772744   194.90216333   209.29134225   362.40515122
    26.3390658    188.30253081   133.66743881   399.22150137    13.60439885
   168.96929904    31.46722335   395.17441047]
Linear with 0.000000 lr:  [ 508.89583227   32.13937788   97.06466055  106.33166345  181.31811564]
Quadratic with 0.000000 lr:  [ 507.08151135   30.99499306   97.92536424  105.15063694  181.81069027
   13.00677607   93.09414857   68.61050114  199.94841387]
Cubic with 0.000000 lr:  [ 507.70518317   30.66437222   98.21103834  104.97489795  182.10914666
   12.04987888   95.30976092   67.75941468  200.74596588    5.96578182
   87.14649177   17.31642768  199.71911782]
Linear with 0.000000 lr:  [ 254.8309238    17.60886358   50.17237891   51.09471558   92.71208943]
Quadratic with 0.000000 lr:  [ 253.75572673   13.93721636   50.13379826   53.17311301   90.57770199
    4.36207902   48.08173461   34.58322248  100.4915664 ]
Cubic with 0.000000 lr:  [ 256.2950996    13.3409949    49.63711987   54.60672314   91.21584141
    7.76667772   47.00856787   33.62895818   99.87962012    3.3279987
   42.59060975    9.15733697   99.82682286]
Linear with 0.000000 lr:  [ 126.92017925    6.77911445   24.14574305   27.20967846   46.76681753]
Quadratic with 0.000000 lr:  [ 126.96162912    8.43337884   25.07093967   25.80822065   47.2332349
    5.50968534   25.42489852   17.85791523   48.82497941]
Cubic with 0.000000 lr:  [ 127.8469649     8.50770963   23.88261133   28.01756808   43.75229427
    2.29588141   22.20121827   16.05297933   51.04585763    2.08885033
   21.49921863    4.923308     48.4677674 ]
Linear with 0.000000 lr:  [ 64.56115728   3.6131919   13.48781282  13.32440621  21.91472889]
Quadratic with 0.000000 lr:  [ 63.09648863   2.58418246  12.43853381  14.25400477  23.11881588
   1.47600841  11.60814702   8.86216495  24.71711073]
Cubic with 0.000000 lr:  [ 65.218422     4.07687057  11.5307805   12.92814437  21.36701838
   2.51073876  11.11552656   7.11578519  24.24172052   0.21979805
  11.30431612   2.95694735  25.32155979]
Linear with 0.000000 lr:  [ 29.94321103   0.42689506   6.58141826   7.51868112  12.23440489]
Quadratic with 0.000000 lr:  [ 31.76080889   3.24069707   6.89429904   6.07083785  10.41075664
   0.53620008   6.29973745   5.49548274  13.61824222]
Cubic with 0.000000 lr:  [ 30.93433979   2.53173064   7.22861957   8.6424399   12.35001378
   0.12654896   4.43124061   4.68897246  12.07892419   2.29793023
   5.57963239   1.03903322  12.8215893 ]
Linear with 0.000000 lr:  [ 14.96478662   1.62331117   3.31211734   2.80616957   6.23675465]
Quadratic with 0.000000 lr:  [ 17.64653591   0.14942878   4.51156249   3.79083407   6.27262705
   1.5845356    2.58827964   0.14346751   4.87063669]
Cubic with 0.000000 lr:  [ 14.70445616   0.99044581   2.37039098   3.32686956   6.85404818
  -1.54040741   0.68695234   2.21002325   7.80434217   0.14791398
   2.49118418  -0.79111453   8.01492769]
Linear with 0.000000 lr:  [ 6.2504058   0.57411761  0.31830447  1.10783469  2.12267413]
Quadratic with 0.000000 lr:  [ 9.00929277  1.23615113  2.15318681  1.70268363  2.68470756  1.43949578
  1.75320565  0.54814545  2.63372131]
Cubic with 0.000000 lr:  [ 6.96794577 -0.85030084  2.68488659  2.14495323  4.15839027  0.93189484
  0.59204183  2.76397948  5.21367881 -0.93203226  2.08761539 -0.62139412
  2.76393664]
Linear with 0.000000 lr:  [ 2.02055644 -1.73090227  1.7612244  -0.1536332   0.91679824]
Quadratic with 0.000000 lr:  [ 3.96424511  0.56877524  0.64585627  1.57167063  0.0200805   0.27749529
 -0.55394439  0.5727657   0.56764618]
Cubic with 0.000000 lr:  [ 5.11396101 -0.19537295  0.06253896  0.2034846   1.29130821  1.53085041
 -0.61730127  1.45869543  0.88887689 -0.28013683  0.88305722  1.11505378
 -0.10925229]
Linear with 0.000000 lr:  [ 1.59179057  0.58097857 -0.54031567 -1.04797192  0.61094392]
Quadratic with 0.000000 lr:  [ 2.07697724  0.12727752  0.14603998  0.09040222  0.56934426 -1.16157401
  0.66426661 -0.05075745  1.189646  ]
Cubic with 0.000000 lr:  [ 1.75193862 -0.78439947  1.79203898  0.91719477  0.47611905  1.02328042
  0.70772452  0.24350624  1.50520345 -0.45478551  1.50785723  1.01758081
 -0.57337909]
